0.428
0.368
0.359
0.465
0.457
0.454
0.459
0.364
0.362
0.368
0.362
0.313
0.363
0.366
0.363
0.362
0.362
0.453
0.454
0.456
0.431
0.374
0.364
0.362
0.343
0.354
0.338
0.331
0.315
0.321
0.325
0.328
0.348
0.362
0.341
0.336
0.319
0.322
0.317
0.296
0.363
0.362
0.315
0.361
0.328
0.324
0.324
0.313
0.313
0.312
0.313
0.314
0.362
0.341
0.363
0.365
0.324
0.322
0.325
0.327
0.298
0.313
0.312
0.362
0.332
0.361
0.361
0.327
0.323
0.324
0.332
0.309
0.312
0.363
0.325
0.362
0.363
0.325
0.323
0.324
0.325
0.313
0.301
0.322
0.364
0.324
0.358
0.327
0.324
0.322
0.324
0.314
0.315
0.312
0.312
0.313
0.361
0.340
0.362
0.368
0.367
0.324
0.326
0.325
0.313
0.296
0.362
0.324
0.359
0.447
0.454
0.456
0.452
0.367
0.365
0.366
0.365
0.405
0.453
0.453
0.453
0.455
0.453
0.453
0.456
0.457
0.452
0.460
0.459
0.453
0.452
0.457
0.453
0.455
0.456
0.457
0.457
0.454
0.457
0.455
0.455
0.453
0.459
0.454
0.458
0.457
0.454
0.459
0.463
0.364
0.363
0.450
0.454
0.453
0.453
0.454
0.455
0.453
0.454
0.450
0.457
0.455
0.453
0.456
0.456
0.454
0.452
0.393
0.461
0.454
0.454
0.456
0.536
0.322
0.321
0.325
0.361
0.344
0.375
0.369
0.366
0.365
0.363
0.363
0.369
0.364
0.365
0.449
0.453
0.452
0.362
0.366
0.364
0.363
0.363
0.402
0.452
0.453
0.454
0.362
0.362
0.363
0.363
0.363
0.363
0.450
0.453
0.361
0.361
0.361
0.363
0.366
0.324
0.323
0.324
0.325
0.314
0.315
0.311
0.313
0.311
0.312
0.312
0.362
0.325
0.314
0.363
0.365
0.326
0.324
0.327
0.325
0.312
0.296
0.312
0.361
0.326
0.366
0.361
0.324
0.324
0.323
0.322
0.315
0.363
0.328
0.363
0.325
0.364
0.361
0.366
0.362
0.325
0.323
0.324
0.315
0.318
0.362
0.316
0.452
0.456
0.403
0.454
0.453
0.456
0.454
0.458
0.391
0.461
0.456
0.458
0.453
0.453
0.452
0.453
0.463
0.456
0.455
0.457
0.452
0.455
0.454
0.456
0.455
0.453
0.364
0.452
0.454
0.455
0.452
0.454
0.459
0.391
0.453
0.455
0.454
0.452
0.452
0.453
0.457
0.463
0.457
0.455
0.456
0.452
0.459
0.453
0.461
0.480
0.328
0.327
0.325
0.324
0.325
0.323
0.324
0.323
0.323
0.323
0.337
0.451
0.457
0.457
0.458
0.454
0.454
0.454
0.454
0.452
0.455
0.453
0.452
0.457
0.455
0.454
0.454
0.390
0.456
0.454
0.458
0.453
0.453
0.454
0.453
0.462
0.453
0.456
0.453
0.455
0.452
0.453
0.454
0.457
0.454
0.453
0.459
0.447
0.455
0.384
0.455
0.455
0.389
0.453
0.453
0.453
0.453
0.454
0.453
0.454
0.459
0.457
0.458
0.453
0.458
0.461
0.457
0.454
0.460
0.453
0.452
0.457
0.454
0.454
0.452
0.455
0.454
0.452
0.462
0.448
0.453
0.457
0.455
0.454
0.453
0.390
0.453
0.474
0.460
0.445
0.457
0.460
0.460
0.406
0.458
0.471
0.463
0.459
0.461
0.462
0.453
0.462
0.454
0.456
0.456
0.457
0.454
0.453
0.452
0.458
0.391
0.457
0.455
0.452
0.454
0.454
0.457
0.453
0.367
0.455
0.475
0.460
0.475
0.403
0.447
0.456
0.465
0.462
0.455
0.456
0.453
0.459
0.456
0.462
0.487
0.303
0.328
0.327
0.326
0.326
0.323
0.451
0.460
0.456
0.464
0.456
0.453
0.454
0.454
0.460
0.460
0.460
0.465
0.463
0.461
0.463
0.462
0.461
0.464
0.463
0.487
0.302
0.297
0.323
0.327
0.324
0.323
0.324
0.325
0.324
0.323
0.326
0.450
0.453
0.457
0.454
0.455
0.455
0.454
0.454
0.388
0.457
0.458
0.452
0.454
0.452
0.453
0.453
0.457
0.453
0.407
0.457
0.455
0.456
0.387
0.363
0.362
0.452
0.454
0.453
0.452
0.453
0.447
0.455
0.363
0.350
0.460
0.458
0.456
0.458
0.454
0.456
0.453
0.455
0.454
0.455
0.455
0.453
0.460
0.459
0.456
0.460
0.452
0.453
0.455
0.454
0.455
0.384
0.475
0.459
0.383
0.366
0.365
0.363
0.453
0.452
0.454
0.457
0.458
0.391
0.453
0.455
0.454
0.454
0.455
0.453
0.368
0.363
0.364
0.361
0.361
0.324
0.325
0.326
0.326
0.325
0.323
0.323
0.338
0.454
0.453
0.456
0.455
0.457
0.460
0.454
0.453
0.441
0.456
0.456
0.458
0.454
0.381
0.456
0.455
0.408
0.456
0.455
0.457
0.454
0.454
0.453
0.453
0.455
0.302
0.300
0.329
0.325
0.322
0.324
0.330
0.324
0.327
0.323
0.323
0.453
0.456
0.454
0.454
0.364
0.361
0.363
0.367
0.364
0.301
0.458
0.382
0.366
0.362
0.363
0.363
0.365
0.366
0.364
0.475
0.454
0.362
0.362
0.370
0.363
0.363
0.326
0.324
0.324
0.364
0.365
0.361
0.363
0.325
0.325
0.323
0.313
0.313
0.324
0.314
0.365
0.363
0.364
0.324
0.324
0.325
0.313
0.312
0.311
0.323
0.313
0.455
0.457
0.449
0.453
0.458
0.366
0.365
0.364
0.366
0.448
0.455
0.454
0.456
0.457
0.452
0.458
0.457
0.450
0.455
0.455
0.462
0.457
0.455
0.454
0.451
0.390
0.456
0.455
0.453
0.452
0.456
0.460
0.457
0.460
0.455
0.455
0.460
0.456
0.455
0.457
0.454
0.455
0.451
0.455
0.387
0.391
0.457
0.452
0.458
0.456
0.390
0.458
0.460
0.453
0.454
0.455
0.455
0.453
0.477
0.364
0.364
0.379
0.454
0.457
0.452
0.461
0.454
0.398
0.462
0.456
0.456
0.453
0.451
0.455
0.458
0.458
0.454
0.454
0.454
0.458
0.455
0.453
0.462
0.462
0.460
0.456
0.381
0.454
0.453
0.458
0.453
0.452
0.389
0.455
0.454
0.456
0.453
0.383
0.453
0.453
0.466
0.453
0.452
0.453
0.453
0.453
0.454
0.454
0.454
0.449
0.455
0.461
0.458
0.453
0.452
0.454
0.461
0.466
0.462
0.362
0.327
0.319
0.313
0.313
0.312
0.363
0.324
0.362
0.363
0.326
0.323
0.324
0.326
0.313
0.313
0.311
0.361
0.323
0.361
0.365
0.326
0.325
0.323
0.323
0.314
0.296
0.313
0.362
0.326
0.362
0.362
0.326
0.325
0.325
0.323
0.314
0.316
0.312
0.361
0.323
0.326
0.327
0.326
0.322
0.327
0.324
0.323
0.324
0.325
0.322
0.324
0.321
0.453
0.456
0.453
0.460
0.454
0.392
0.459
0.454
0.466
0.456
0.452
0.455
0.454
0.454
0.455
0.453
0.458
0.454
0.455
0.453
0.456
0.447
0.455
0.456
0.459
0.456
0.453
0.455
0.454
0.453
0.453
0.361
0.362
0.449
0.379
0.453
0.454
0.455
0.454
0.453
0.460
0.440
0.457
0.457
0.454
0.454
0.458
0.455
0.455
0.460
0.456
0.455
0.452
0.453
0.452
0.454
0.459
0.453
0.449
0.457
0.455
0.459
0.457
0.457
0.454
0.452
0.394
0.454
0.383
0.452
0.458
0.454
0.458
0.455
0.459
0.383
0.453
0.453
0.455
0.453
0.454
0.458
0.456
0.448
0.455
0.453
0.453
0.454
0.459
0.455
0.453
0.390
0.460
0.455
0.456
0.449
0.455
0.473
0.460
0.475
0.398
0.453
0.457
0.454
0.465
0.465
0.461
0.484
0.330
0.325
0.329
0.326
0.326
0.324
0.325
0.317
0.328
0.326
0.357
0.456
0.456
0.456
0.452
0.460
0.461
0.454
0.453
0.450
0.455
0.460
0.458
0.455
0.454
0.454
0.453
0.395
0.460
0.454
0.452
0.477
0.461
0.458
0.459
0.458
0.457
0.458
0.455
0.454
0.455
0.454
0.453
0.479
0.330
0.328
0.328
0.323
0.324
0.326
0.326
0.325
0.326
0.324
0.354
0.453
0.453
0.463
0.462
0.458
0.470
0.463
0.461
0.455
0.454
0.459
0.459
0.451
0.453
0.453
0.454
0.444
0.454
0.453
0.453
0.458
0.387
0.458
0.455
0.411
0.455
0.452
0.453
0.452
0.452
0.455
0.461
0.488
0.304
0.364
0.364
0.326
0.326
0.324
0.314
0.313
0.362
0.323
0.367
0.362
0.325
0.324
0.323
0.313
0.313
0.311
0.311
0.311
0.326
0.331
0.333
0.324
0.324
0.323
0.326
0.324
0.324
0.324
0.324
0.323
0.323
0.451
0.457
0.454
0.464
0.453
0.455
0.455
0.452
0.386
0.453
0.456
0.455
0.458
0.452
0.455
0.453
0.429
0.454
0.453
0.461
0.455
0.455
0.471
0.364
0.366
0.351
0.314
0.316
0.314
0.325
0.324
0.322
0.302
0.318
0.326
0.325
0.363
0.450
0.455
0.456
0.452
0.367
0.362
0.363
0.363
0.369
0.453
0.454
0.453
0.455
0.454
0.367
0.365
0.362
0.334
0.457
0.454
0.455
0.456
0.363
0.362
0.362
0.363
0.382
0.453
0.455
0.454
0.366
0.363
0.363
0.363
0.367
0.363
0.447
0.456
0.363
0.364
0.362
0.361
0.363
0.325
0.324
0.324
0.366
0.364
0.364
0.362
0.326
0.322
0.327
0.318
0.313
0.361
0.355
0.448
0.455
0.456
0.364
0.362
0.367
0.363
0.364
0.364
0.446
0.454
0.457
0.453
0.457
0.447
0.363
0.365
0.360
0.449
0.454
0.455
0.457
0.455
0.455
0.361
0.361
0.387
0.455
0.457
0.459
0.456
0.455
0.364
0.362
0.362
0.360
0.453
0.459
0.454
0.454
0.365
0.363
0.365
0.366
0.385
0.451
0.453
0.454
0.301
0.297
0.362
0.364
0.363
0.369
0.366
0.316
0.313
0.360
0.360
0.361
0.362
0.361
0.299
0.324
0.324
0.363
0.363
0.362
0.362
0.326
0.324
0.323
0.313
0.311
0.362
0.315
0.449
0.453
0.453
0.456
0.455
0.367
0.363
0.362
0.363
0.307
0.455
0.456
0.453
0.453
0.347
0.454
0.454
0.458
0.455
0.330
0.364
0.361
0.362
0.364
0.325
0.327
0.324
0.325
0.450
0.453
0.454
0.457
0.453
0.456
0.456
0.453
0.391
0.455
0.453
0.454
0.452
0.458
0.458
0.453
0.462
0.454
0.456
0.459
0.455
0.457
0.453
0.452
0.479
0.327
0.325
0.325
0.324
0.328
0.324
0.323
0.323
0.323
0.325
0.342
0.399
0.446
0.453
0.454
0.452
0.454
0.301
0.296
0.366
0.451
0.454
0.453
0.453
0.453
0.453
0.300
0.363
0.362
0.451
0.455
0.452
0.453
0.455
0.299
0.298
0.366
0.362
0.449
0.455
0.452
0.458
0.363
0.362
0.362
0.363
0.363
0.468
0.454
0.367
0.364
0.320
0.317
0.387
0.381
0.362
0.364
0.362
0.338
0.312
0.335
0.331
0.326
0.322
0.323
0.313
0.364
0.365
0.363
0.363
0.323
0.323
0.323
0.314
0.313
0.361
0.326
0.301
0.310
0.362
0.372
0.333
0.326
0.322
0.327
0.314
0.363
0.324
0.324
0.313
0.362
0.362
0.362
0.361
0.325
0.327
0.323
0.314
0.312
0.325
0.315
0.363
0.362
0.375
0.324
0.325
0.322
0.315
0.315
0.312
0.322
0.346
0.362
0.364
0.362
0.323
0.326
0.325
0.295
0.314
0.313
0.324
0.340
0.362
0.361
0.362
0.325
0.322
0.322
0.313
0.313
0.312
0.326
0.347
0.361
0.362
0.361
0.324
0.324
0.323
0.312
0.312
0.362
0.323
0.364
0.362
0.324
0.326
0.326
0.323
0.313
0.312
0.314
0.360
0.325
0.327
0.335
0.325
0.323
0.322
0.324
0.324
0.323
0.324
0.326
0.324
0.367
0.447
0.457
0.454
0.454
0.452
0.456
0.457
0.481
0.364
0.363
0.362
0.362
0.362
0.367
0.362
0.362
0.364
0.324
0.450
0.455
0.455
0.459
0.452
0.451
0.456
0.454
0.387
0.453
0.452
0.458
0.454
0.368
0.454
0.451
0.456
0.459
0.453
0.453
0.456
0.441
0.455
0.452
0.453
0.456
0.456
0.461
0.453
0.455
0.452
0.454
0.454
0.461
0.453
0.455
0.456
0.457
0.452
0.452
0.454
0.390
0.452
0.458
0.456
0.452
0.454
0.452
0.453
0.463
0.453
0.454
0.453
0.454
0.456
0.455
0.456
0.455
0.449
0.457
0.454
0.453
0.450
0.452
0.453
0.452
0.445
0.453
0.456
0.453
0.453
0.453
0.452
0.456
0.395
0.456
0.456
0.454
0.456
0.466
0.452
0.395
0.362
0.366
0.363
0.462
0.452
0.454
0.457
0.453
0.454
0.394
0.458
0.454
0.452
0.453
0.454
0.452
0.452
0.453
0.456
0.455
0.453
0.454
0.453
0.453
0.452
0.456
0.458
0.454
0.454
0.454
0.454
0.454
0.455
0.454
0.456
0.454
0.455
0.454
0.457
0.453
0.451
0.460
0.458
0.453
0.455
0.453
0.453
0.453
0.454
0.453
0.455
0.453
0.454
0.452
0.453
0.454
0.455
0.451
0.456
0.447
0.453
0.455
0.455
0.458
0.380
0.455
0.451
0.403
0.454
0.452
0.457
0.459
0.393
0.464
0.466
0.463
0.454
0.459
0.460
0.459
0.458
0.460
0.368
0.372
0.364
0.460
0.461
0.463
0.461
0.466
0.461
0.453
0.459
0.459
0.465
0.452
0.454
0.459
0.454
0.459
0.460
0.454
0.453
0.455
0.454
0.461
0.452
0.454
0.457
0.459
0.453
0.458
0.460
0.458
0.460
0.459
0.461
0.463
0.460
0.462
0.460
0.464
0.460
0.458
0.459
0.463
0.458
0.463
0.460
0.461
0.356
0.478
0.453
0.456
0.455
0.452
0.391
0.455
0.454
0.457
0.455
0.456
0.457
0.457
0.455
0.365
0.451
0.457
0.453
0.455
0.459
0.455
0.457
0.463
0.453
0.455
0.452
0.452
0.455
0.454
0.453
0.453
0.456
0.454
0.455
0.453
0.460
0.457
0.453
0.457
0.452
0.454
0.448
0.454
0.454
0.450
0.454
0.459
0.460
0.461
0.459
0.459
0.461
0.452
0.461
0.465
0.460
0.460
0.458
0.460
0.458
0.398
0.463
0.461
0.461
0.382
0.470
0.461
0.368
0.370
0.448
0.458
0.461
0.455
0.456
0.454
0.456
0.455
0.391
0.456
0.452
0.453
0.458
0.452
0.453
0.453
0.457
0.458
0.392
0.467
0.446
0.452
0.457
0.426
0.364
0.446
0.455
0.454
0.454
0.460
0.461
0.465
0.460
0.388
0.460
0.461
0.459
0.463
0.459
0.462
0.460
0.467
0.459
0.457
0.461
0.460
0.462
0.458
0.462
0.420
0.372
0.370
0.370
0.368
0.371
0.329
0.323
0.324
0.323
0.324
0.446
0.455
0.457
0.457
0.453
0.347
0.454
0.383
0.363
0.447
0.456
0.452
0.455
0.455
0.457
0.454
0.453
0.386
0.455
0.453
0.453
0.458
0.455
0.456
0.457
0.451
0.453
0.411
0.454
0.455
0.453
0.452
0.454
0.452
0.454
0.454
0.456
0.461
0.457
0.447
0.459
0.459
0.448
0.455
0.453
0.456
0.462
0.460
0.459
0.438
0.482
0.462
0.458
0.462
0.474
0.453
0.435
0.461
0.393
0.459
0.474
0.453
0.456
0.453
0.452
0.461
0.444
0.306
0.300
0.309
0.328
0.326
0.299
0.336
0.362
0.363
0.367
0.391
0.454
0.454
0.364
0.362
0.360
0.362
0.362
0.329
0.324
0.323
0.363
0.363
0.363
0.363
0.324
0.322
0.324
0.313
0.313
0.362
0.308
0.297
0.301
0.326
0.335
0.312
0.323
0.323
0.313
0.311
0.323
0.321
0.361
0.365
0.362
0.324
0.329
0.323
0.312
0.314
0.312
0.322
0.338
0.361
0.363
0.362
0.325
0.324
0.294
0.301
0.313
0.312
0.326
0.313
0.364
0.365
0.366
0.326
0.325
0.324
0.313
0.313
0.313
0.326
0.314
0.361
0.364
0.363
0.362
0.357
0.362
0.326
0.324
0.325
0.323
0.364
0.449
0.454
0.456
0.457
0.396
0.454
0.456
0.454
0.449
0.453
0.453
0.462
0.456
0.454
0.454
0.451
0.446
0.452
0.453
0.453
0.454
0.458
0.453
0.454
0.397
0.456
0.453
0.457
0.453
0.453
0.456
0.454
0.460
0.454
0.454
0.454
0.453
0.453
0.454
0.452
