0.600
0.454
0.485
0.488
0.363
0.348
0.347
0.333
0.362
0.342
0.354
0.322
0.366
0.361
0.364
0.341
0.313
0.362
0.395
0.368
0.360
0.361
0.327
0.326
0.387
0.330
0.318
0.317
0.321
0.305
0.317
0.316
0.316
0.447
0.483
0.355
0.461
0.447
0.490
0.481
0.466
0.442
0.485
0.483
0.481
0.486
0.481
0.526
0.361
0.370
0.366
0.364
0.480
0.446
0.482
0.481
0.484
0.452
0.487
0.482
0.481
0.451
0.484
0.480
0.481
0.486
0.483
0.488
0.481
0.420
0.475
0.482
0.480
0.488
0.483
0.482
0.484
0.485
0.491
0.354
0.490
0.487
0.483
0.488
0.485
0.454
0.487
0.482
0.492
0.463
0.490
0.493
0.490
0.462
0.494
0.485
0.487
0.466
0.472
0.492
0.487
0.457
0.514
0.488
0.487
0.480
0.490
0.487
0.488
0.481
0.487
0.461
0.488
0.480
0.488
0.484
0.486
0.481
0.487
0.480
0.502
0.475
0.486
0.482
0.487
0.481
0.487
0.486
0.486
0.484
0.491
0.492
0.488
0.483
0.488
0.485
0.489
0.486
0.489
0.487
0.491
0.491
0.488
0.477
0.489
0.504
0.486
0.492
0.490
0.492
0.488
0.488
0.487
0.488
0.464
0.488
0.488
0.370
0.368
0.368
0.362
0.395
0.487
0.454
0.484
0.479
0.482
0.481
0.534
0.478
0.482
0.484
0.485
0.483
0.485
0.485
0.506
0.498
0.472
0.497
0.493
0.488
0.488
0.488
0.492
0.488
0.489
0.481
0.513
0.500
0.491
0.463
0.506
0.501
0.486
0.491
0.370
0.505
0.481
0.407
0.563
0.484
0.488
0.382
0.395
0.488
0.481
0.468
0.489
0.482
0.482
0.488
0.485
0.481
0.483
0.488
0.488
0.482
0.489
0.487
0.491
0.490
0.489
0.480
0.497
0.487
0.491
0.492
0.494
0.482
0.484
0.450
0.498
0.487
0.489
0.486
0.492
0.479
0.371
0.347
0.348
0.365
0.362
0.368
0.325
0.363
0.361
0.362
0.325
0.362
0.361
0.363
0.365
0.362
0.360
0.362
0.371
0.364
0.364
0.364
0.363
0.442
0.482
0.483
0.393
0.489
0.483
0.482
0.390
0.490
0.485
0.481
0.387
0.488
0.480
0.487
0.489
0.481
0.485
0.485
0.488
0.481
0.482
0.480
0.485
0.482
0.482
0.482
0.487
0.481
0.443
0.488
0.389
0.486
0.481
0.480
0.458
0.483
0.482
0.483
0.392
0.486
0.489
0.479
0.445
0.484
0.485
0.489
0.483
0.480
0.481
0.482
0.489
0.482
0.484
0.480
0.488
0.480
0.487
0.481
0.487
0.480
0.481
0.487
0.487
0.464
0.482
0.481
0.448
0.364
0.363
0.364
0.457
0.481
0.406
0.433
0.452
0.483
0.384
0.494
0.449
0.470
0.481
0.480
0.453
0.483
0.485
0.482
0.454
0.483
0.482
0.482
0.457
0.482
0.481
0.485
0.457
0.447
0.444
0.482
0.448
0.452
0.483
0.483
0.459
0.483
0.377
0.487
0.454
0.482
0.485
0.483
0.454
0.482
0.482
0.479
0.460
0.482
0.483
0.480
0.457
0.481
0.481
0.383
0.463
0.381
0.485
0.486
0.460
0.481
0.482
0.482
0.463
0.388
0.476
0.481
0.464
0.483
0.447
0.484
0.457
0.484
0.479
0.494
0.462
0.484
0.481
0.484
0.460
0.483
0.483
0.482
0.466
0.457
0.481
0.481
0.466
0.483
0.480
0.487
0.466
0.484
0.483
0.482
0.463
0.482
0.493
0.480
0.472
0.486
0.454
0.482
0.462
0.490
0.489
0.476
0.466
0.485
0.482
0.481
0.474
0.486
0.482
0.488
0.467
0.481
0.484
0.490
0.478
0.488
0.382
0.494
0.492
0.488
0.488
0.488
0.484
0.460
0.492
0.482
0.486
0.493
0.485
0.487
0.485
0.476
0.490
0.493
0.389
0.487
0.481
0.480
0.455
0.488
0.489
0.394
0.455
0.482
0.482
0.482
0.457
0.483
0.481
0.494
0.446
0.482
0.481
0.481
0.371
0.369
0.372
0.363
0.363
0.364
0.353
0.361
0.363
0.362
0.362
0.367
0.368
0.364
0.364
0.363
0.361
0.362
0.364
0.362
0.451
0.483
0.381
0.486
0.449
0.490
0.481
0.485
0.447
0.488
0.481
0.482
0.449
0.464
0.453
0.383
0.453
0.485
0.402
0.484
0.451
0.484
0.482
0.487
0.448
0.485
0.450
0.482
0.447
0.483
0.482
0.485
0.457
0.486
0.482
0.481
0.452
0.482
0.482
0.486
0.455
0.490
0.480
0.484
0.456
0.485
0.461
0.492
0.458
0.483
0.348
0.488
0.465
0.490
0.487
0.490
0.379
0.496
0.490
0.480
0.463
0.488
0.488
0.487
0.490
0.488
0.486
0.479
0.492
0.483
0.479
0.493
0.462
0.384
0.396
0.368
0.369
0.362
0.324
0.327
0.328
0.326
0.360
0.365
0.456
0.483
0.482
0.484
0.465
0.482
0.482
0.483
0.332
0.466
0.482
0.479
0.464
0.481
0.485
0.363
0.464
0.363
0.362
0.368
0.462
0.363
0.362
0.361
0.469
0.365
0.364
0.361
0.466
0.364
0.362
0.324
0.469
0.362
0.362
0.364
0.466
0.364
0.361
0.361
0.473
0.481
0.484
0.463
0.468
0.482
0.483
0.481
0.469
0.480
0.452
0.490
0.465
0.482
0.483
0.482
0.470
0.483
0.482
0.482
0.470
0.485
0.454
0.483
0.476
0.481
0.484
0.481
0.391
0.482
0.483
0.480
0.475
0.474
0.483
0.483
0.475
0.483
0.481
0.481
0.474
0.479
0.481
0.485
0.477
0.481
0.480
0.480
0.477
0.484
0.364
0.363
0.481
0.482
0.461
0.484
0.474
0.482
0.482
0.486
0.482
0.483
0.479
0.483
0.480
0.502
0.487
0.483
0.481
0.484
0.483
0.496
0.491
0.504
0.485
0.484
0.503
0.483
0.500
0.486
0.486
0.503
0.498
0.485
0.488
0.424
0.469
0.367
0.487
0.486
0.501
0.537
0.488
0.485
0.499
0.504
0.480
0.379
0.383
0.363
0.490
0.363
0.366
0.364
0.366
0.363
0.363
0.382
0.363
0.364
0.363
0.390
0.362
0.361
0.362
0.390
0.362
0.362
0.362
0.388
0.391
0.449
0.482
0.490
0.483
0.480
0.482
0.486
0.485
0.483
0.482
0.484
0.483
0.482
0.482
0.485
0.480
0.481
0.481
0.493
0.482
0.484
0.481
0.486
0.481
0.485
0.481
0.486
0.481
0.483
0.481
0.486
0.446
0.483
0.483
0.433
0.484
0.480
0.485
0.416
0.484
0.482
0.484
0.411
0.490
0.489
0.486
0.406
0.491
0.487
0.487
0.419
0.493
0.482
0.487
0.402
0.491
0.481
0.487
0.492
0.489
0.501
0.486
0.493
0.487
0.489
0.480
0.498
0.478
0.487
0.486
0.491
0.490
0.493
0.490
0.485
0.490
0.486
0.488
0.493
0.487
0.486
0.489
0.495
0.487
0.493
0.492
0.370
0.367
0.363
0.364
0.447
0.483
0.486
0.481
0.485
0.492
0.481
0.482
0.491
0.486
0.482
0.482
0.488
0.483
0.481
0.489
0.491
0.491
0.489
0.479
0.485
0.488
0.486
0.488
0.495
0.487
0.473
0.481
0.392
0.494
0.486
0.493
0.452
0.489
0.486
0.487
0.452
0.483
0.482
0.382
0.485
0.493
0.481
0.488
0.453
0.457
0.488
0.493
0.453
0.491
0.488
0.482
0.448
0.485
0.482
0.486
0.462
0.494
0.490
0.487
0.458
0.490
0.481
0.481
0.457
0.488
0.412
0.381
0.460
0.458
0.488
0.489
0.454
0.494
0.481
0.483
0.449
0.483
0.482
0.488
0.459
0.489
0.488
0.486
0.497
0.487
0.496
0.486
0.464
0.489
0.486
0.486
0.462
0.493
0.489
0.487
0.458
0.495
0.341
0.495
0.461
0.481
0.487
0.486
0.499
0.486
0.486
0.468
0.460
0.488
0.489
0.457
0.467
0.489
0.487
0.488
0.465
0.448
0.491
0.486
0.470
0.489
0.487
0.487
0.467
0.491
0.493
0.487
0.466
0.489
0.466
0.488
0.490
0.487
0.486
0.486
0.494
0.490
0.488
0.487
0.492
0.486
0.490
0.369
0.372
0.361
0.361
0.329
0.377
0.363
0.363
0.331
0.365
0.308
0.321
0.288
0.331
0.303
0.301
0.316
0.319
0.329
0.363
0.372
0.463
0.484
0.383
0.363
0.475
0.480
0.481
0.479
0.411
0.468
0.482
0.481
0.465
0.368
0.487
0.481
0.471
0.487
0.481
0.481
0.475
0.481
0.481
0.481
0.469
0.382
0.367
0.362
0.475
0.483
0.454
0.484
0.447
0.390
0.489
0.480
0.473
0.481
0.480
0.482
0.476
0.433
0.368
0.363
0.477
0.482
0.482
0.482
0.474
0.478
0.481
0.364
0.391
0.488
0.483
0.481
0.475
0.481
0.356
0.365
0.476
0.481
0.457
0.483
0.477
0.483
0.485
0.483
0.483
0.480
0.481
0.481
0.476
0.480
0.482
0.370
0.475
0.483
0.482
0.496
0.484
0.482
0.481
0.363
0.483
0.362
0.364
0.325
0.377
0.363
0.362
0.388
0.365
0.362
0.370
0.361
0.478
0.483
0.400
0.371
0.455
0.382
0.488
0.505
0.485
0.480
0.361
0.361
0.385
0.489
0.484
0.491
0.481
0.481
0.482
0.488
0.486
0.484
0.481
0.489
0.484
0.484
0.483
0.490
0.493
0.461
0.468
0.490
0.482
0.481
0.484
0.488
0.484
0.483
0.482
0.489
0.468
0.483
0.383
0.397
0.487
0.425
0.380
0.374
0.444
0.484
0.482
0.490
0.486
0.483
0.482
0.490
0.483
0.481
0.484
0.486
0.482
0.481
0.471
0.488
0.483
0.481
0.481
0.485
0.494
0.489
0.487
0.476
0.485
0.481
0.475
0.465
0.481
0.397
0.391
0.364
0.489
0.486
0.385
0.390
0.380
0.366
0.393
0.368
0.500
0.384
0.369
0.366
0.486
0.484
0.482
0.390
0.466
0.483
0.482
0.410
0.490
0.480
0.480
0.413
0.484
0.480
0.491
0.405
0.491
0.371
0.363
0.368
0.484
0.483
0.482
0.391
0.490
0.481
0.481
0.387
0.488
0.485
0.482
0.391
0.519
0.402
0.390
0.387
0.493
0.488
0.489
0.459
1.54
0.334
0.407
0.363
0.361
0.365
0.382
0.364
0.361
0.364
0.386
0.363
0.362
0.345
0.343
0.318
0.369
0.367
0.405
0.358
0.357
0.366
0.376
0.358
0.357
0.356
0.353
0.364
0.363
0.362
0.364
0.392
0.372
0.369
0.352
0.367
0.369
0.365
0.334
0.365
0.460
0.487
0.410
0.485
0.482
0.481
0.401
0.466
0.488
0.486
0.414
0.487
0.391
0.371
0.366
0.363
0.362
0.364
0.310
0.307
0.307
0.310
0.309
0.308
0.350
0.512
0.417
0.502
0.498
0.337
0.363
0.505
0.501
0.500
0.340
0.502
0.490
0.490
0.491
0.489
0.485
0.482
0.485
0.484
0.485
0.481
0.333
0.472
0.481
0.478
0.475
0.473
0.480
0.475
0.475
0.472
0.474
0.471
0.476
0.472
0.468
0.471
0.473
0.469
0.475
0.472
0.475
0.474
0.444
0.474
0.376
0.470
0.470
0.466
0.350
0.357
0.356
0.357
0.444
0.480
0.494
0.480
0.449
0.487
0.488
0.483
0.449
0.483
0.367
0.362
0.363
0.362
0.364
0.362
0.327
0.490
0.485
0.481
0.445
0.484
0.384
0.486
0.447
0.483
0.489
0.480
0.448
0.484
0.483
0.483
0.451
0.482
0.411
0.484
0.448
0.483
0.481
0.483
0.452
0.484
0.486
0.482
0.486
0.480
0.481
0.482
0.486
0.481
0.483
0.481
0.490
0.458
0.484
0.481
0.449
0.487
0.487
0.480
0.461
0.489
0.487
0.491
0.459
0.491
0.349
0.496
0.463
0.488
0.489
0.486
0.490
0.488
0.496
0.486
0.492
0.490
0.486
0.488
0.493
0.481
0.492
0.488
0.492
0.489
0.486
0.487
0.492
0.487
0.493
0.490
0.490
0.490
0.490
0.488
0.494
0.487
0.484
0.388
0.465
0.464
0.488
0.488
0.448
0.489
0.491
0.488
0.407
0.494
0.487
0.489
0.422
0.491
0.488
0.486
0.415
0.490
0.487
0.489
0.402
0.464
0.495
0.488
0.411
0.491
0.488
0.488
0.391
0.493
0.501
0.486
0.322
0.300
0.363
0.364
0.362
0.362
0.366
0.363
0.357
0.362
0.364
0.363
0.361
0.363
0.362
0.364
0.371
0.487
0.480
0.481
0.389
0.485
0.484
0.483
0.392
0.488
0.481
0.484
0.390
0.487
0.488
0.484
0.387
0.486
0.483
0.480
0.446
0.484
0.392
0.484
0.389
0.486
0.484
0.482
0.459
0.483
0.482
0.481
0.394
0.487
0.383
0.466
0.390
0.414
0.489
0.470
0.447
0.483
0.482
0.484
0.451
0.485
0.496
0.484
0.437
0.483
0.450
0.483
0.446
0.487
0.486
0.481
0.445
0.484
0.480
0.482
0.451
0.483
0.485
0.482
0.447
0.483
0.481
0.482
0.449
0.485
0.453
0.482
0.446
0.456
0.482
0.481
0.449
0.483
0.411
0.483
0.415
0.485
0.482
0.482
0.450
0.482
0.486
0.481
0.451
0.482
0.480
0.484
0.452
0.483
0.482
0.482
0.461
0.483
0.483
0.482
0.487
0.481
0.488
0.482
0.489
0.489
0.493
0.482
0.485
0.491
0.340
0.373
0.465
0.489
0.489
0.459
0.493
0.490
0.492
0.488
0.490
0.488
0.487
0.487
0.495
0.488
0.494
0.489
0.492
0.488
0.490
0.488
0.451
0.489
0.491
0.487
0.462
0.490
0.488
0.488
0.467
0.490
0.477
0.490
0.466
0.496
0.479
0.485
0.466
0.492
0.472
0.482
0.470
0.490
0.453
0.489
0.468
0.489
0.459
0.491
0.464
0.489
0.487
0.486
0.470
0.488
0.491
0.487
0.470
0.490
0.471
0.490
0.471
0.490
0.454
0.490
0.469
0.488
0.487
0.484
0.475
0.488
0.495
0.488
0.457
0.491
0.488
0.488
0.475
0.487
0.472
0.487
0.478
0.488
0.486
0.372
0.475
0.490
0.495
0.474
0.471
0.490
0.481
0.489
0.477
0.481
0.451
0.487
0.481
0.488
0.486
0.492
0.480
0.495
0.491
0.489
0.370
0.370
0.363
0.365
0.478
0.488
0.481
0.486
0.478
0.481
0.486
0.363
0.478
0.364
0.366
0.363
0.304
0.314
0.364
0.326
0.484
0.362
0.363
0.324
0.480
0.363
0.361
0.325
0.475
0.367
0.371
0.368
0.481
0.447
0.483
0.502
0.475
0.448
0.483
0.484
0.481
0.419
0.488
0.524
0.464
0.483
0.486
0.512
0.481
0.482
0.485
0.521
0.480
0.483
0.465
0.511
0.482
0.485
0.481
0.526
0.480
0.484
0.486
0.376
0.366
0.362
0.365
0.366
0.364
0.448
0.485
0.492
0.480
0.483
0.483
0.488
0.482
0.482
0.491
0.377
0.487
0.483
0.482
0.494
0.483
0.482
0.469
0.491
0.483
0.480
0.483
0.492
0.500
0.490
0.489
0.443
0.365
0.363
0.364
0.383
0.487
0.482
0.483
0.495
0.482
0.480
0.479
0.489
0.482
0.483
0.486
0.368
0.487
0.481
0.479
0.488
0.481
0.480
0.476
0.471
0.481
0.483
0.483
0.459
0.484
0.483
0.390
0.407
0.485
0.486
0.488
0.435
0.490
0.489
0.483
0.424
0.494
0.480
0.493
0.418
0.492
0.487
0.493
0.363
0.467
0.489
0.487
0.335
0.498
0.501
0.487
0.493
0.488
0.489
0.488
0.491
0.492
0.487
0.497
0.490
0.482
0.465
0.494
0.493
0.489
0.486
0.490
0.493
0.488
0.489
0.482
0.492
0.384
0.486
0.472
0.383
0.487
0.486
0.486
0.397
0.495
0.496
0.486
0.408
0.494
0.489
0.490
0.401
0.487
0.487
0.491
0.396
0.401
0.485
0.488
0.395
0.494
0.488
0.488
0.396
0.495
0.486
0.480
0.491
0.480
0.488
0.494
0.490
0.488
0.487
0.468
0.402
0.498
0.494
0.487
0.450
0.488
0.487
0.491
0.462
0.494
0.487
0.494
0.454
0.490
0.490
0.491
0.491
0.496
0.490
0.488
0.490
0.378
0.357
0.367
0.455
0.489
0.479
0.495
0.459
0.491
0.485
0.489
0.456
0.469
0.451
0.483
0.456
0.488
0.488
0.487
0.455
0.391
0.493
0.492
0.455
0.491
0.489
0.462
0.456
0.489
0.487
0.486
0.457
0.489
0.489
0.530
0.375
0.368
0.363
0.329
0.362
0.361
0.364
0.361
0.363
0.364
0.364
0.326
0.363
0.362
0.363
0.362
