0.535
0.399
0.540
0.523
0.521
0.522
0.515
0.387
0.510
0.563
0.563
0.530
0.515
0.514
0.560
0.573
0.520
0.566
0.555
0.522
0.558
0.503
0.520
0.561
0.522
0.559
0.516
0.515
0.516
0.562
0.386
0.520
0.515
0.520
0.520
0.522
0.519
0.526
0.510
0.517
0.522
0.521
0.521
0.451
0.514
0.513
0.519
0.521
0.520
0.561
0.519
0.519
0.518
0.517
0.511
0.506
0.516
0.477
0.513
0.557
0.561
0.519
0.566
0.523
0.536
0.523
0.518
0.558
0.462
0.527
0.528
0.520
0.536
0.519
0.392
0.501
0.482
0.521
0.524
0.528
0.519
0.481
0.518
0.511
0.524
0.518
0.510
0.518
0.413
0.523
0.511
0.501
0.514
0.563
0.523
0.525
0.522
0.558
0.525
0.520
0.562
0.521
0.563
0.563
0.514
0.510
0.512
0.404
0.523
0.563
0.365
0.434
0.357
0.496
0.558
0.513
0.520
0.523
0.563
0.429
0.518
0.519
0.512
0.520
0.523
0.519
0.531
0.465
0.520
0.535
0.565
0.520
0.530
0.521
0.566
0.514
0.520
0.527
0.520
0.563
0.527
0.521
0.518
0.510
0.525
0.456
0.516
0.572
0.524
0.527
0.363
0.357
0.515
0.556
0.562
0.536
0.562
0.563
0.514
0.566
0.519
0.524
0.558
0.525
0.519
0.524
0.482
0.519
0.571
0.465
0.519
0.522
0.522
0.565
0.520
0.527
0.518
0.522
0.514
0.515
0.519
0.517
0.562
0.559
0.561
0.510
0.518
0.480
0.468
0.518
0.564
0.560
0.560
0.515
0.520
0.523
0.522
0.518
0.516
0.564
0.525
0.527
0.516
0.514
0.527
0.562
0.560
0.516
0.516
0.511
0.522
0.461
0.527
0.482
0.480
0.510
0.520
0.521
0.516
0.561
0.517
0.521
0.517
0.451
0.488
0.488
0.528
0.513
0.518
0.523
0.571
0.513
0.482
0.522
0.530
0.569
0.573
0.527
0.525
0.530
0.569
0.513
0.573
0.522
0.526
0.567
0.457
0.517
0.517
0.527
0.504
0.517
0.558
0.566
0.521
0.493
0.516
0.563
0.517
0.512
0.395
0.502
0.509
0.526
0.517
0.386
0.563
0.516
0.517
0.517
0.517
0.582
0.568
0.508
0.514
0.567
0.509
0.517
0.514
0.564
0.522
0.567
0.566
0.516
0.463
0.520
0.565
0.470
0.517
0.522
0.558
0.525
0.514
0.536
0.512
0.545
0.516
0.357
0.562
0.522
0.514
0.524
0.461
0.518
0.488
0.523
0.565
0.517
0.565
0.523
0.481
0.484
0.523
0.521
0.467
0.570
0.564
0.519
0.516
0.513
0.518
0.510
0.566
0.510
0.564
0.531
0.519
0.521
0.523
0.521
0.567
0.562
0.517
0.529
0.390
0.495
0.483
0.564
0.511
0.519
0.514
0.524
0.487
0.467
0.516
0.508
0.515
0.506
0.520
0.511
0.567
0.517
0.509
0.518
0.510
0.509
0.516
0.513
0.558
0.562
0.522
0.514
0.516
0.513
0.520
0.512
0.565
0.509
0.505
0.497
0.510
0.482
0.509
0.514
0.408
0.515
0.515
0.557
0.509
0.456
0.523
0.519
0.527
0.512
0.522
0.515
0.426
0.530
0.496
0.495
0.394
0.517
0.520
0.517
0.518
0.511
0.565
0.487
0.397
0.510
0.518
0.511
0.508
0.521
0.564
0.518
0.511
0.551
0.518
0.558
0.510
0.521
0.553
0.558
0.512
0.512
0.491
0.517
0.565
0.458
0.520
0.524
0.487
0.492
0.512
0.393
0.504
0.510
0.468
0.523
0.489
0.557
0.568
0.518
0.515
0.516
0.526
0.524
0.481
0.525
0.516
0.517
0.514
0.558
0.495
0.520
0.506
0.395
0.510
0.520
0.568
0.559
0.514
0.521
0.506
0.487
0.566
0.515
0.569
0.525
0.498
0.514
0.510
0.514
0.477
0.517
0.518
0.503
0.503
0.512
0.564
0.561
0.520
0.516
0.516
0.517
0.513
0.509
0.508
0.465
0.505
0.507
0.515
0.563
0.510
0.519
0.517
0.508
0.510
0.514
0.492
0.518
0.506
0.563
0.507
0.509
0.506
0.483
0.524
0.517
0.518
0.563
0.562
0.507
0.467
0.519
0.513
0.505
0.461
0.509
0.519
0.489
0.516
0.515
0.477
0.513
0.499
0.565
0.562
0.515
0.515
0.562
0.394
0.356
0.519
0.507
0.512
0.513
0.570
0.514
0.469
0.565
0.513
0.515
0.389
0.509
0.509
0.504
0.523
0.520
0.563
0.512
0.566
0.566
0.579
0.515
0.558
0.508
0.506
0.520
0.508
0.570
0.518
0.516
0.377
0.515
0.511
0.506
0.491
0.508
0.516
0.500
0.487
0.518
0.581
0.570
0.565
0.515
0.563
0.497
0.518
0.524
0.509
0.510
0.574
0.571
0.526
0.536
0.516
0.565
0.577
0.569
0.586
0.467
0.499
0.387
0.513
0.506
0.518
0.513
0.468
0.423
0.336
0.323
0.504
0.504
0.506
0.479
0.484
0.525
0.516
0.565
0.511
0.512
0.509
0.509
0.564
0.516
0.564
0.391
0.528
0.389
0.512
0.515
0.529
0.492
0.504
0.557
0.510
0.505
0.505
0.480
0.526
0.571
0.564
0.520
0.513
0.517
0.563
0.468
0.562
0.511
0.518
0.505
0.491
0.391
0.511
0.456
0.483
0.526
0.510
0.564
0.565
0.566
0.516
0.541
0.511
0.506
0.499
0.509
0.506
0.505
0.558
0.518
0.510
0.564
0.520
0.567
0.516
0.508
0.511
0.568
0.507
0.509
0.516
0.507
0.479
0.337
0.307
0.560
0.508
0.508
0.511
0.508
0.509
0.506
0.497
0.529
0.513
0.560
0.506
0.513
0.507
0.508
0.519
0.513
0.495
0.513
0.579
0.510
0.506
0.509
0.583
0.393
0.385
0.508
0.530
0.526
0.573
0.510
0.566
0.514
0.505
0.576
0.563
0.566
0.564
0.568
0.518
0.402
0.473
0.530
0.569
0.470
0.531
0.559
0.509
0.513
0.528
0.515
0.507
0.564
0.513
0.525
0.526
0.517
0.512
0.563
0.566
0.564
0.568
0.584
0.517
0.513
0.568
0.485
0.517
0.514
0.563
0.511
0.533
0.519
0.511
0.557
0.520
0.411
0.514
0.522
0.511
0.557
0.472
0.512
0.513
0.564
0.393
0.506
0.491
0.536
0.567
0.390
0.478
0.514
0.508
0.565
0.508
0.513
0.569
0.511
0.567
0.511
0.520
0.485
0.514
0.520
0.529
0.526
0.511
0.514
0.408
0.512
0.561
0.530
0.562
0.518
0.510
0.530
0.507
0.577
0.576
0.529
0.527
0.493
0.528
0.448
0.566
0.512
0.567
0.388
0.565
0.480
0.513
0.511
0.513
0.516
0.512
0.568
0.527
0.512
0.528
0.527
0.516
0.513
0.511
0.518
0.515
0.512
0.488
0.518
0.512
0.528
0.513
0.536
0.506
0.489
0.504
0.580
0.564
0.512
0.558
0.514
0.514
0.580
0.511
0.512
0.460
0.525
0.560
0.515
0.567
0.563
0.507
0.511
0.501
0.507
0.507
0.577
0.563
0.429
0.511
0.502
0.559
0.504
0.505
0.561
0.574
0.508
0.387
0.505
0.504
0.523
0.506
0.557
0.558
0.530
0.454
0.502
0.498
0.508
0.388
0.510
0.503
0.387
0.506
0.468
0.474
0.563
0.511
0.511
0.504
0.531
0.509
0.512
0.504
0.564
0.482
0.511
0.558
0.509
0.506
0.507
0.479
0.505
0.524
0.510
0.507
0.507
0.526
0.505
0.510
0.512
0.509
0.505
0.521
0.527
0.575
0.508
0.566
0.580
0.558
0.506
0.502
0.525
0.502
0.507
0.503
0.509
0.448
0.505
0.480
0.501
0.449
0.503
0.565
0.513
0.510
0.522
0.470
0.504
0.560
0.343
0.305
0.349
0.325
0.383
0.397
0.343
0.373
0.509
0.506
0.482
0.384
0.528
0.502
0.510
0.526
0.510
0.512
0.397
0.503
0.514
0.500
0.510
0.512
0.510
0.452
0.515
0.527
0.385
0.348
0.348
0.389
0.393
0.399
0.391
0.388
0.382
0.424
0.389
0.558
0.559
0.505
0.515
0.514
0.507
0.504
0.393
0.480
0.509
0.501
0.362
0.364
0.379
0.508
0.388
0.394
0.375
0.388
0.375
0.372
0.505
0.471
0.508
0.497
0.561
0.499
0.569
0.500
0.513
0.496
0.511
0.530
0.518
0.500
0.502
0.522
0.396
0.509
0.397
0.507
0.509
0.502
0.499
0.564
0.512
0.370
0.385
0.384
0.386
0.397
0.467
0.387
0.383
0.396
0.485
0.385
0.393
0.383
0.369
0.384
0.389
0.511
0.508
0.509
0.388
0.457
0.435
0.509
0.455
0.516
0.503
0.477
0.400
0.508
0.512
0.527
0.510
0.505
0.518
0.503
0.511
0.517
0.513
0.527
0.508
0.535
0.564
0.506
0.533
0.512
0.506
0.566
0.512
0.565
0.564
0.514
0.502
0.502
0.477
0.503
0.387
0.410
0.377
0.371
0.393
0.388
0.390
0.374
0.378
0.377
0.417
0.503
0.500
0.572
0.502
0.503
0.395
0.500
0.510
0.486
0.493
0.509
0.503
0.507
0.573
0.531
0.504
0.509
0.505
0.565
0.508
0.512
0.446
0.351
0.361
0.388
0.388
0.391
0.409
0.414
0.390
0.360
0.386
0.389
0.365
0.355
0.391
0.389
0.393
0.505
0.509
0.503
0.477
0.463
0.394
0.565
0.486
0.515
0.507
0.507
0.508
0.576
0.503
0.466
0.579
0.566
0.508
0.507
0.506
0.564
0.508
0.510
0.511
0.514
0.509
0.508
0.506
0.516
0.506
0.475
0.507
0.509
0.510
0.508
0.501
0.558
0.558
0.494
0.527
0.500
0.499
0.503
0.558
0.574
0.562
0.515
0.394
0.516
0.514
0.506
0.559
0.506
0.501
0.560
0.518
0.500
0.499
0.520
0.505
0.500
0.366
0.504
0.509
0.476
0.353
0.369
0.421
0.392
0.370
0.369
0.374
0.359
0.371
0.390
0.369
0.362
0.356
0.351
0.394
0.392
0.360
0.480
0.503
0.524
0.498
0.483
0.394
0.512
0.504
0.505
0.498
0.504
0.506
0.501
0.505
0.501
0.510
0.497
0.498
0.505
0.463
0.493
0.567
0.558
0.505
0.404
0.503
0.388
0.499
0.499
0.508
0.405
0.426
0.462
0.557
0.558
0.500
0.558
0.511
0.402
0.500
0.499
0.511
0.558
0.567
0.517
0.394
0.506
0.504
0.503
0.558
0.499
0.514
0.503
0.504
0.503
0.562
0.502
0.509
0.569
0.504
0.500
0.495
0.499
0.501
0.534
0.501
0.501
0.500
0.352
0.483
0.505
0.398
0.509
0.502
0.501
0.473
0.501
0.474
0.498
0.508
0.501
0.551
0.642
0.504
0.503
0.508
0.637
0.552
0.597
0.551
0.511
0.508
0.508
0.576
0.520
0.501
0.562
0.496
0.499
0.488
0.451
0.510
0.561
0.504
0.373
0.388
0.464
0.406
0.354
0.388
0.389
0.374
0.362
0.509
0.370
0.495
0.500
0.507
0.513
0.566
0.506
0.502
0.559
0.497
0.495
0.566
0.455
0.514
0.499
0.506
0.559
0.499
0.503
0.508
0.507
0.562
0.504
0.503
0.505
0.501
0.505
0.505
0.496
0.486
0.506
0.495
0.381
0.497
0.563
0.512
0.505
0.562
0.558
0.496
0.480
0.575
0.558
0.565
0.502
0.506
0.503
0.470
0.501
0.501
0.504
0.501
0.506
0.508
0.503
0.502
0.346
0.352
0.386
0.352
0.419
0.467
0.381
0.499
0.496
0.511
0.499
0.507
0.497
0.500
0.498
0.397
0.505
0.467
0.504
0.505
0.386
0.507
0.447
0.501
0.566
0.496
0.501
0.492
0.503
0.357
0.386
0.371
0.365
0.365
0.352
0.375
0.355
0.388
0.377
0.398
0.374
0.375
0.394
0.502
0.454
0.497
0.499
0.563
0.578
0.621
0.532
0.510
0.499
0.485
0.508
0.499
0.512
0.502
0.491
0.488
0.504
0.505
0.496
0.513
0.487
0.494
0.458
0.497
0.497
0.504
0.564
0.506
0.564
0.505
0.511
0.498
0.559
0.502
0.565
0.500
0.454
0.491
0.496
0.498
0.387
0.497
0.501
0.486
0.498
0.503
0.558
0.502
0.501
0.503
0.310
0.490
0.384
0.482
0.382
0.368
0.348
0.345
0.354
0.365
0.540
0.374
0.366
0.370
0.494
0.504
0.477
0.448
0.455
0.520
0.507
0.527
0.481
0.452
0.395
0.488
0.495
0.497
0.498
0.497
0.384
0.505
0.497
0.498
0.499
0.495
0.500
0.563
0.500
0.566
0.499
0.497
0.477
0.492
0.496
0.481
0.512
0.563
0.500
0.494
0.497
0.501
0.494
0.562
0.561
0.499
0.491
0.500
0.495
0.461
0.500
0.497
0.356
0.500
0.506
0.493
0.493
0.494
0.563
0.499
0.470
0.507
0.494
0.502
0.310
0.495
0.490
0.491
0.462
0.408
0.552
0.418
0.430
0.387
0.349
0.389
0.388
0.358
0.378
0.342
0.388
0.377
0.366
0.380
0.371
0.378
0.415
0.395
0.510
0.498
0.494
0.452
0.492
0.498
0.492
0.557
0.493
0.502
0.353
0.417
0.510
0.559
0.504
0.461
0.562
0.500
0.498
0.566
0.394
0.500
0.496
0.498
0.562
0.501
0.492
0.568
0.460
0.489
0.497
0.502
0.497
0.556
0.495
0.500
0.496
0.355
0.501
0.555
0.560
0.492
0.498
0.562
0.467
0.447
0.496
0.565
0.462
0.500
0.469
0.563
0.455
0.498
0.556
0.497
0.490
0.491
0.386
0.500
0.386
0.563
0.510
0.494
0.500
0.493
0.498
0.501
0.499
0.481
0.496
0.501
0.491
0.512
0.360
0.457
0.497
0.387
0.391
0.498
0.493
0.565
0.507
0.498
0.468
0.492
0.498
0.507
0.466
0.449
0.496
0.507
0.523
0.499
0.498
0.565
0.482
0.394
0.393
0.502
0.454
0.493
0.503
0.500
0.491
0.501
0.496
0.549
0.492
0.464
0.499
0.420
0.469
0.385
0.491
0.488
0.557
0.491
0.495
0.495
0.498
0.494
0.567
0.501
0.575
0.500
0.496
0.489
0.497
0.492
0.490
0.545
0.560
0.492
0.493
0.308
0.493
0.492
0.548
0.510
0.498
0.507
0.494
0.457
0.502
0.497
0.554
0.539
0.507
0.502
0.490
0.561
0.494
0.492
0.504
0.503
0.556
0.502
0.563
0.560
0.497
0.461
0.493
0.496
0.491
0.501
0.489
0.504
0.400
0.498
0.504
0.514
0.503
0.505
0.403
0.558
0.499
0.499
0.497
0.558
0.492
0.494
0.557
0.504
0.497
0.503
0.502
0.495
0.498
0.559
0.490
0.499
0.490
0.561
0.501
0.503
0.494
0.501
0.502
0.498
0.500
0.444
0.497
0.500
0.323
0.495
0.352
0.341
0.350
0.345
0.353
0.394
0.388
0.369
0.367
0.327
0.320
0.323
0.376
0.586
0.495
0.465
0.491
0.391
0.499
0.494
0.489
0.494
0.498
0.489
0.497
0.490
0.558
0.499
0.468
0.510
0.497
0.501
0.473
0.494
0.554
0.476
0.506
0.495
0.497
0.497
0.496
0.506
0.508
0.565
0.502
0.563
0.498
0.375
0.506
0.520
0.507
0.467
0.501
0.499
0.503
0.494
0.496
0.567
0.494
0.492
0.399
0.452
0.497
0.496
0.497
0.562
0.498
0.393
0.461
0.497
0.503
0.555
0.497
0.562
0.564
0.570
0.559
0.488
0.327
0.483
0.483
0.447
0.386
0.385
0.385
0.390
0.383
0.390
0.401
0.475
0.384
0.381
0.392
0.387
0.352
0.346
0.355
0.393
0.351
0.355
0.357
0.400
0.387
0.498
0.492
0.503
0.505
0.502
0.512
0.506
0.468
0.354
0.437
0.578
0.498
0.504
0.495
0.496
0.498
0.501
0.492
0.495
0.477
0.390
0.490
0.497
0.475
0.447
0.516
0.490
0.496
0.494
0.561
0.488
0.563
0.563
0.561
0.497
0.507
0.500
0.507
0.483
0.494
0.495
0.498
0.491
0.490
0.563
0.494
0.496
0.506
0.474
0.496
0.490
0.497
0.495
0.496
0.469
0.494
0.495
0.493
0.504
0.388
0.490
0.495
0.489
0.495
0.495
0.558
0.497
0.429
0.499
0.345
0.483
0.348
0.486
0.487
0.385
0.495
0.478
0.478
0.478
0.392
0.487
0.567
0.490
0.562
0.501
0.499
0.494
0.501
0.490
0.497
0.494
0.491
0.492
0.493
0.502
0.483
0.406
0.501
0.498
0.489
0.555
0.560
0.482
0.563
0.466
0.492
0.557
0.491
0.565
0.472
0.494
0.502
0.503
0.494
0.378
0.494
0.487
0.459
0.487
0.469
0.495
0.570
0.498
0.489
0.485
0.562
0.488
0.563
0.490
